*************************************************
******************* ORCA 6.1.1 ******************
*************************************************
$Calculation_Status
   &GeometryIndex 2
   &version [&Type "String"] "6.1.1"
   &progName [&Type "String"] "LeanSCF"
   &Status [&Type "String"] "NORMAL TERMINATION"
$End
$Geometry
   &GeometryIndex 1
   &NAtoms [&Type "Integer"] 35
   &NCorelessECP [&Type "Integer"] 0
   &NGhostAtoms [&Type "Integer"] 0
   &CartesianCoordinates [&Type "Coordinates", &Dim(35,4), &Units "Bohr"] 
              O      0.773670947990    1.270698950471   -0.544754436848
              O     -1.205049377218   -5.466834310747    0.009226160582
              O      8.299769522972   -3.678729260570    0.774310482714
              O      8.802859231910    5.227675223555   -0.214101764254
              O     -7.870446282786    2.055969646907    3.933643204678
              O    -11.034147073450    1.505193742298   -0.120094416772
              C      0.176273536231   -3.220339697877    0.612525534010
              C     -0.609586336752   -1.000045211509   -1.102696152154
              C      2.990500888131   -3.737652259541    0.238934104525
              C      4.506044604907   -1.346158922053    0.142064749617
              C      3.327629588880    0.981264500730   -0.277614426502
              C     -3.394856058278   -0.330131982746   -0.824084063070
              C      7.139720055664   -1.400663228829    0.398357080565
              C      4.739849715481    3.209193039238   -0.376629572994
              C     -4.364801440561    0.585756677420    1.474430469533
              C     -5.043661827149   -0.602331333626   -2.887132992005
              C      8.568832184718    0.807681442995    0.280343924253
              C      7.351050526905    3.100260244712   -0.105628362150
              C     -6.922380525926    1.184712302546    1.693945776274
              C     -7.602837175896    0.012748075870   -2.663155472866
              C     -8.535460780350    0.900454896254   -0.368747901723
              H     -0.176903352094   -2.751629076917    2.601473927463
              H     -0.253072376889   -1.494154547283   -3.088650798190
              H      3.288212568886   -4.792584262552   -1.522455034653
              H      3.642692141811   -4.962029274155    1.779712098383
              H      3.773429928350    4.992528197855   -0.681324778061
              H     -3.104323612268    0.835601211777    3.075010249454
              H     -0.759344344763   -6.739340527263    1.259774022093
              H     -4.342531320618   -1.304666961977   -4.688143364998
              H     10.609106762809    0.780315285548    0.481946475585
              H     -8.830341639451   -0.216319491287   -4.290053296122
              H     10.111656572644   -3.400117537715    0.898693799810
              H      7.707530042919    6.669358377391   -0.524918460098
              H     -6.516420131694    2.126062596714    5.164130926914
              H    -11.879897509751    1.195598172364   -1.714503238933
$End
$SCF_Mulliken_Population_Analysis
   &GeometryIndex 1
   &NAtoms [&Type "Integer"] 35
   &ATNO [&Type "ArrayOfIntegers", &Dim (35,1)] 
                                                         0

0                                                        8
1                                                        8
2                                                        8
3                                                        8
4                                                        8
5                                                        8
6                                                        6
7                                                        6
8                                                        6
9                                                        6
10                                                       6
11                                                       6
12                                                       6
13                                                       6
14                                                       6
15                                                       6
16                                                       6
17                                                       6
18                                                       6
19                                                       6
20                                                       6
21                                                       1
22                                                       1
23                                                       1
24                                                       1
25                                                       1
26                                                       1
27                                                       1
28                                                       1
29                                                       1
30                                                       1
31                                                       1
32                                                       1
33                                                       1
34                                                       1
   &AtomicCharges [&Type "ArrayOfDoubles", &Dim (35,1)] 
                                                         0

0                                     -5.3328415862523215e-01
1                                     -6.8896515668816605e-01
2                                     -6.6789885714740116e-01
3                                     -6.7458985296286755e-01
4                                     -6.7199012394429758e-01
5                                     -6.7052474204121104e-01
6                                      1.3404897659654047e-01
7                                      4.1206998480015855e-02
8                                     -3.5423280481550368e-01
9                                      2.0009551961821970e-02
10                                     3.2689243995262629e-01
11                                     1.2873041434168631e-01
12                                     3.0120565766682983e-01
13                                    -3.2333491968923411e-01
14                                    -2.8098283233206267e-01
15                                    -2.1924520481004173e-01
16                                    -2.9359149354796177e-01
17                                     3.6960452756184203e-01
18                                     3.1342179053562802e-01
19                                    -2.3194179167314299e-01
20                                     3.1225017243782638e-01
21                                     1.5010174730717496e-01
22                                     1.5894848497884273e-01
23                                     1.6240306567843454e-01
24                                     1.6098099128557841e-01
25                                     1.5024580465527559e-01
26                                     1.6647984270933258e-01
27                                     4.3693002358648569e-01
28                                     1.4997123453640193e-01
29                                     1.5182515038084854e-01
30                                     1.6620564849623864e-01
31                                     4.5364876211470029e-01
32                                     4.5022844232895154e-01
33                                     4.5254160761111439e-01
34                                     4.5270060307270965e-01
   &Method [&Type "String"] "SCF"
   &Level [&Type "String"] "Relaxed density"
   &Mult [&Type "Integer"] 1
   &State [&Type "Integer"] -1
   &Irrep [&Type "Integer"] 0
$End
$SCF_Loewdin_Population_Analysis
   &GeometryIndex 1
   &NAtoms [&Type "Integer"] 35
   &ATNO [&Type "ArrayOfIntegers", &Dim (35,1)] 
                                                         0

0                                                        8
1                                                        8
2                                                        8
3                                                        8
4                                                        8
5                                                        8
6                                                        6
7                                                        6
8                                                        6
9                                                        6
10                                                       6
11                                                       6
12                                                       6
13                                                       6
14                                                       6
15                                                       6
16                                                       6
17                                                       6
18                                                       6
19                                                       6
20                                                       6
21                                                       1
22                                                       1
23                                                       1
24                                                       1
25                                                       1
26                                                       1
27                                                       1
28                                                       1
29                                                       1
30                                                       1
31                                                       1
32                                                       1
33                                                       1
34                                                       1
   &AtomicCharges [&Type "ArrayOfDoubles", &Dim (35,1)] 
                                                         0

0                                     -1.6581737167438249e-01
1                                     -4.2975098744019924e-01
2                                     -3.3029250181255243e-01
3                                     -3.3424508359507499e-01
4                                     -3.3718609866665261e-01
5                                     -3.3655398743433018e-01
6                                     -1.7790639383944651e-02
7                                      7.2777839011077816e-03
8                                     -2.3676467738393292e-01
9                                     -1.1426276041027350e-01
10                                     7.5700551186545617e-02
11                                    -4.1695467229700967e-02
12                                     7.7855203740547552e-02
13                                    -2.3619217820315264e-01
14                                    -1.7022729209911169e-01
15                                    -1.5137976629845173e-01
16                                    -2.3592782969372372e-01
17                                     7.0919191422349037e-02
18                                     3.9342789208575368e-02
19                                    -1.7549932856726169e-01
20                                     3.9902712026941956e-02
21                                     1.2341846684304836e-01
22                                     1.3275279243826799e-01
23                                     1.3653429783597992e-01
24                                     1.3799879330636700e-01
25                                     1.4692821432238734e-01
26                                     1.4900513372918744e-01
27                                     3.3755519672106149e-01
28                                     1.4065982187400483e-01
29                                     1.4782483753156117e-01
30                                     1.5044455251576605e-01
31                                     3.5098500404998667e-01
32                                     3.4861685907797701e-01
33                                     3.4976460503731088e-01
34                                     3.5009916312354294e-01
   &Method [&Type "String"] "SCF"
   &Level [&Type "String"] "Relaxed density"
   &Mult [&Type "Integer"] 1
   &State [&Type "Integer"] -1
   &Irrep [&Type "Integer"] 0
$End
$SCF_Mayer_Population_Analysis
   &GeometryIndex 1
   &NAtoms [&Type "Integer"] 35 "Total number of atoms"
   &NBondOrdersPrint [&Type "Integer"] 37 "The number of bond orders larger than threshold"
   &bondThresh [&Type "Double"]       1.0000000000000001e-01  "The threshold for printing"
   &components [&Type "ArrayOfIntegers", &Dim (37,4)] "The indices and atomic numbers of the bonding atoms"
                                                         0                           1                           2                           3

0                                                        0                           8                           7                           6
1                                                        0                           8                          10                           6
2                                                        1                           8                           6                           6
3                                                        1                           8                          27                           1
4                                                        2                           8                          12                           6
5                                                        2                           8                          31                           1
6                                                        3                           8                          17                           6
7                                                        3                           8                          32                           1
8                                                        4                           8                          18                           6
9                                                        4                           8                          33                           1
10                                                       5                           8                          20                           6
11                                                       5                           8                          34                           1
12                                                       6                           6                           7                           6
13                                                       6                           6                           8                           6
14                                                       6                           6                          21                           1
15                                                       7                           6                          11                           6
16                                                       7                           6                          22                           1
17                                                       8                           6                           9                           6
18                                                       8                           6                          23                           1
19                                                       8                           6                          24                           1
20                                                       9                           6                          10                           6
21                                                       9                           6                          12                           6
22                                                      10                           6                          13                           6
23                                                      11                           6                          14                           6
24                                                      11                           6                          15                           6
25                                                      12                           6                          16                           6
26                                                      13                           6                          17                           6
27                                                      13                           6                          25                           1
28                                                      14                           6                          18                           6
29                                                      14                           6                          26                           1
30                                                      15                           6                          19                           6
31                                                      15                           6                          28                           1
32                                                      16                           6                          17                           6
33                                                      16                           6                          29                           1
34                                                      18                           6                          20                           6
35                                                      19                           6                          20                           6
36                                                      19                           6                          30                           1
   &BondOrders [&Type "ArrayOfDoubles", &Dim (37,1)] "The bond orders"
                                                         0

0                                      8.6037549529597834e-01
1                                      9.1686235188140830e-01
2                                      9.0608151438870077e-01
3                                      7.5972020439401022e-01
4                                      9.7475082185883177e-01
5                                      7.4813511023023194e-01
6                                      9.4701096722067424e-01
7                                      7.5238448811533565e-01
8                                      9.6145859827657310e-01
9                                      7.4828325763360537e-01
10                                     9.6887773273504418e-01
11                                     7.4858668441233012e-01
12                                     9.5702595010081026e-01
13                                     9.8138997043030252e-01
14                                     9.1407407223526616e-01
15                                     9.8658579626402043e-01
16                                     9.0675663538255202e-01
17                                     9.6194063221410020e-01
18                                     9.1782780131622188e-01
19                                     9.2245713405298768e-01
20                                     1.3854778927321518e+00
21                                     1.3545309477455263e+00
22                                     1.3597993983657437e+00
23                                     1.3902631704270552e+00
24                                     1.4377069994018483e+00
25                                     1.3741085234118138e+00
26                                     1.3833470632873648e+00
27                                     9.0721637300978220e-01
28                                     1.3989964516268905e+00
29                                     9.0425797009155440e-01
30                                     1.4083295561662124e+00
31                                     9.1867199519359366e-01
32                                     1.3783489231835613e+00
33                                     9.0802058607206970e-01
34                                     1.3386486054341240e+00
35                                     1.4103772789904876e+00
36                                     9.1317324774255182e-01
   &ATNO [&Type "ArrayOfIntegers", &Dim (35,1)] "Atomic number of the elements"
                                                         0

0                                                        8
1                                                        8
2                                                        8
3                                                        8
4                                                        8
5                                                        8
6                                                        6
7                                                        6
8                                                        6
9                                                        6
10                                                       6
11                                                       6
12                                                       6
13                                                       6
14                                                       6
15                                                       6
16                                                       6
17                                                       6
18                                                       6
19                                                       6
20                                                       6
21                                                       1
22                                                       1
23                                                       1
24                                                       1
25                                                       1
26                                                       1
27                                                       1
28                                                       1
29                                                       1
30                                                       1
31                                                       1
32                                                       1
33                                                       1
34                                                       1
   &NA [&Type "ArrayOfDoubles", &Dim (35,1)] "Mulliken gross atomic population"
                                                         0

0                                      8.5332841586252322e+00
1                                      8.6889651566881998e+00
2                                      8.6678988571474314e+00
3                                      8.6745898529628676e+00
4                                      8.6719901239442727e+00
5                                      8.6705247420412110e+00
6                                      5.8659510234034729e+00
7                                      5.9587930015199522e+00
8                                      6.3542328048155081e+00
9                                      5.9799904480381798e+00
10                                     5.6731075600473648e+00
11                                     5.8712695856583030e+00
12                                     5.6987943423331719e+00
13                                     6.3233349196892288e+00
14                                     6.2809828323320396e+00
15                                     6.2192452048100257e+00
16                                     6.2935914935479689e+00
17                                     5.6303954724381624e+00
18                                     5.6865782094643720e+00
19                                     6.2319417916731341e+00
20                                     5.6877498275621665e+00
21                                     8.4989825269282548e-01
22                                     8.4105151502115749e-01
23                                     8.3759693432156568e-01
24                                     8.3901900871442259e-01
25                                     8.4975419534472429e-01
26                                     8.3352015729066753e-01
27                                     5.6306997641351419e-01
28                                     8.5002876546359796e-01
29                                     8.4817484961915190e-01
30                                     8.3379435150376191e-01
31                                     5.4635123788529938e-01
32                                     5.4977155767104813e-01
33                                     5.4745839238888572e-01
34                                     5.4729939692729024e-01
   &ZA [&Type "ArrayOfDoubles", &Dim (35,1)] "Total nuclear charge"
                                                         0

0                                      8.0000000000000000e+00
1                                      8.0000000000000000e+00
2                                      8.0000000000000000e+00
3                                      8.0000000000000000e+00
4                                      8.0000000000000000e+00
5                                      8.0000000000000000e+00
6                                      6.0000000000000000e+00
7                                      6.0000000000000000e+00
8                                      6.0000000000000000e+00
9                                      6.0000000000000000e+00
10                                     6.0000000000000000e+00
11                                     6.0000000000000000e+00
12                                     6.0000000000000000e+00
13                                     6.0000000000000000e+00
14                                     6.0000000000000000e+00
15                                     6.0000000000000000e+00
16                                     6.0000000000000000e+00
17                                     6.0000000000000000e+00
18                                     6.0000000000000000e+00
19                                     6.0000000000000000e+00
20                                     6.0000000000000000e+00
21                                     1.0000000000000000e+00
22                                     1.0000000000000000e+00
23                                     1.0000000000000000e+00
24                                     1.0000000000000000e+00
25                                     1.0000000000000000e+00
26                                     1.0000000000000000e+00
27                                     1.0000000000000000e+00
28                                     1.0000000000000000e+00
29                                     1.0000000000000000e+00
30                                     1.0000000000000000e+00
31                                     1.0000000000000000e+00
32                                     1.0000000000000000e+00
33                                     1.0000000000000000e+00
34                                     1.0000000000000000e+00
   &QA [&Type "ArrayOfDoubles", &Dim (35,1)] "Mulliken gross atomic charge"
                                                         0

0                                     -5.3328415862523215e-01
1                                     -6.8896515668819980e-01
2                                     -6.6789885714743136e-01
3                                     -6.7458985296286755e-01
4                                     -6.7199012394427271e-01
5                                     -6.7052474204121104e-01
6                                      1.3404897659652715e-01
7                                      4.1206998480047830e-02
8                                     -3.5423280481550812e-01
9                                      2.0009551961820193e-02
10                                     3.2689243995263517e-01
11                                     1.2873041434169696e-01
12                                     3.0120565766682805e-01
13                                    -3.2333491968922878e-01
14                                    -2.8098283233203958e-01
15                                    -2.1924520481002574e-01
16                                    -2.9359149354796887e-01
17                                     3.6960452756183759e-01
18                                     3.1342179053562802e-01
19                                    -2.3194179167313411e-01
20                                     3.1225017243783348e-01
21                                     1.5010174730717452e-01
22                                     1.5894848497884251e-01
23                                     1.6240306567843432e-01
24                                     1.6098099128557741e-01
25                                     1.5024580465527571e-01
26                                     1.6647984270933247e-01
27                                     4.3693002358648581e-01
28                                     1.4997123453640204e-01
29                                     1.5182515038084810e-01
30                                     1.6620564849623809e-01
31                                     4.5364876211470062e-01
32                                     4.5022844232895187e-01
33                                     4.5254160761111428e-01
34                                     4.5270060307270976e-01
   &VA [&Type "ArrayOfDoubles", &Dim (35,1)] "Mayer's total valence"
                                                         0

0                                      1.9467644679692591e+00
1                                      1.7402615941572908e+00
2                                      1.8630192424975931e+00
3                                      1.8486532033458021e+00
4                                      1.8392575958196999e+00
5                                      1.8412019237674724e+00
6                                      3.7983498559314905e+00
7                                      3.8003185698097051e+00
8                                      3.8341598331094611e+00
9                                      3.8267017893565196e+00
10                                     3.8734020627120502e+00
11                                     3.9514453313225539e+00
12                                     3.8764523107268687e+00
13                                     3.8292953581705764e+00
14                                     3.8886089722302128e+00
15                                     3.9305462591973410e+00
16                                     3.8257072903471623e+00
17                                     3.8704363727546283e+00
18                                     3.8384695650319589e+00
19                                     3.8989464562975664e+00
20                                     3.8520259154056302e+00
21                                     9.2718375310241274e-01
22                                     9.2827711080947706e-01
23                                     9.3040468300497503e-01
24                                     9.3261045905918083e-01
25                                     9.3989278176508972e-01
26                                     9.3630431732534936e-01
27                                     7.7893812925691908e-01
28                                     9.3686820361367840e-01
29                                     9.3870580452621577e-01
30                                     9.3155244448698804e-01
31                                     7.6909095897069235e-01
32                                     7.7144080782572488e-01
33                                     7.7061021260310780e-01
34                                     7.7035011202050108e-01
   &BVA [&Type "ArrayOfDoubles", &Dim (35,1)] "Mayer's bonded valence"
                                                         0

0                                      1.9467644679693046e+00
1                                      1.7402615941572857e+00
2                                      1.8630192424975689e+00
3                                      1.8486532033458076e+00
4                                      1.8392575958197535e+00
5                                      1.8412019237674908e+00
6                                      3.7983498559314359e+00
7                                      3.8003185698097766e+00
8                                      3.8341598331094091e+00
9                                      3.8267017893565187e+00
10                                     3.8734020627120627e+00
11                                     3.9514453313225748e+00
12                                     3.8764523107268638e+00
13                                     3.8292953581706159e+00
14                                     3.8886089722302701e+00
15                                     3.9305462591974369e+00
16                                     3.8257072903471689e+00
17                                     3.8704363727546376e+00
18                                     3.8384695650319478e+00
19                                     3.8989464562976606e+00
20                                     3.8520259154056697e+00
21                                     9.2718375310241297e-01
22                                     9.2827711080948982e-01
23                                     9.3040468300496204e-01
24                                     9.3261045905917328e-01
25                                     9.3989278176510394e-01
26                                     9.3630431732535913e-01
27                                     7.7893812925692107e-01
28                                     9.3686820361368139e-01
29                                     9.3870580452622265e-01
30                                     9.3155244448699881e-01
31                                     7.6909095897069379e-01
32                                     7.7144080782572488e-01
33                                     7.7061021260310714e-01
34                                     7.7035011202050585e-01
   &FA [&Type "ArrayOfDoubles", &Dim (35,1)] "Mayer's free valence"
                                                         0

0                                      0.0000000000000000e+00
1                                      0.0000000000000000e+00
2                                      0.0000000000000000e+00
3                                      0.0000000000000000e+00
4                                      0.0000000000000000e+00
5                                      0.0000000000000000e+00
6                                      0.0000000000000000e+00
7                                      0.0000000000000000e+00
8                                      0.0000000000000000e+00
9                                      0.0000000000000000e+00
10                                     0.0000000000000000e+00
11                                     0.0000000000000000e+00
12                                     0.0000000000000000e+00
13                                     0.0000000000000000e+00
14                                     0.0000000000000000e+00
15                                     0.0000000000000000e+00
16                                     0.0000000000000000e+00
17                                     0.0000000000000000e+00
18                                     0.0000000000000000e+00
19                                     0.0000000000000000e+00
20                                     0.0000000000000000e+00
21                                     0.0000000000000000e+00
22                                     0.0000000000000000e+00
23                                     0.0000000000000000e+00
24                                     0.0000000000000000e+00
25                                     0.0000000000000000e+00
26                                     0.0000000000000000e+00
27                                     0.0000000000000000e+00
28                                     0.0000000000000000e+00
29                                     0.0000000000000000e+00
30                                     0.0000000000000000e+00
31                                     0.0000000000000000e+00
32                                     0.0000000000000000e+00
33                                     0.0000000000000000e+00
34                                     0.0000000000000000e+00
   &Method [&Type "String"] "SCF"
   &Level [&Type "String"] "Relaxed density"
   &Mult [&Type "Integer"] 1
   &State [&Type "Integer"] -1
   &Irrep [&Type "Integer"] 0
$End
$SCF_Energy
   &GeometryIndex 1
   &Method [&Type "String"] "SCF"
   &totalEnergy [&Type "ArrayOfDoubles", &Dim (1,1)] "Total energy of each state"
                                                         0

0                                     -1.0307728874283371e+03
   &Mult [&Type "ArrayOfIntegers", &Dim (1,1)] "Multiplicity of each state"
                                                         0

0                                                        1
$End
$DFT_Energy
   &GeometryIndex 1
   &nAlphaEl [&Type "Integer"] 76
   &nBetaEl [&Type "Integer"] 76
   &nTotalEl [&Type "Integer"] 152
   &finalEn [&Type "Double"]      -1.0307728874283371e+03  "No Van der Waals correction"
   &eExchange [&Type "Double"]      -1.0523010998694672e+02
   &eCorr [&Type "Double"]      -6.2104974106998121e+00
   &eXC [&Type "Double"]      -1.1144060739764653e+02
   &eCNL [&Type "Double"]       0.0000000000000000e+00
$End
$Solvation_Details
   &GeometryIndex 1
   &Solvent [&Type "String"] "WATER"
   &Epsilon [&Type "Double"]       8.0150999999999996e+01
   &Refrac [&Type "Double"]       1.3328000000000000e+00
   &RSolv [&Type "Double"]       1.3000000000000000e+00
   &SurfaceType [&Type "String"] "GAUSSIAN VDW"
   &CPCMDielEnergy [&Type "Double"]      -4.3255500000000002e-02
   &NPoints [&Type "Integer"] 3003
   &SurfaceArea [&Type "Double"]       1.1215547706000000e+03
$End
$SCF_Timings
   &GeometryIndex 1
   &TOTAL [&Type "Double"]       2.2686348099999998e+02
   &PREP [&Type "Double"]       2.2369249999999998e+00
   &FOCK [&Type "Double"]       2.1068386400000000e+02
   &DENS [&Type "Double"]       8.4029200000000515e-01
   &ETOT [&Type "Double"]       4.0509499999998511e-01
   &POP [&Type "Double"]       4.4841999999999871e-01
   &TRAFO [&Type "Double"]       1.5121200000000101e-01
   &DIIS [&Type "Double"]       1.2601699999999916e+00
   &SOSCF [&Type "Double"]       9.7097499999999570e-01
   &XC [&Type "Double"]       4.2738203999999925e+01
   &FOCKSTART [&Type "Double"]       2.4649199999998217e-01
   &SOLV [&Type "Double"]       3.0176362000000012e+01
   &SOLV_INIT [&Type "Double"]       9.3106800000000001e-01
   &SOLV_FINAL [&Type "Double"]       9.9999999747524271e-07
   &INT_PREP [&Type "Double"]       2.9999999924257281e-06
   &INT_BF [&Type "Double"]       7.0595100000013531e+00
   &INT_DENS [&Type "Double"]       5.6232000000000326e+00
   &INT_DENSIO [&Type "Double"]       4.1400080451580146e+06
   &INT_FUNC [&Type "Double"]       9.5628900000192374e-01
   &INT_POT [&Type "Double"]       4.7144999999988606e+00
   &INT_POTIO [&Type "Double"]       6.8912829999989853e+00
   &INT_SUM [&Type "Double"]       1.4000000010838676e-05
   &SPLITRIJ [&Type "Double"]       1.9847171999999993e+01
   &COSX [&Type "Double"]       1.2485491299999998e+02
$End
$Single_Point_Data
   &GeometryIndex 1
   &FinalEnergy [&Type "Double"]      -1.0307728874283371e+03  "Final single point energy"
   &Converged [&Type "Boolean"] true
$End
$SCF_Nuc_Gradient
   &GeometryIndex 1
   &NAtoms [&Type "Integer"] 35
   &gradNorm [&Type "Double"]       6.0209529613117395e-02
   &grad [&Type "ArrayOfDoubles", &Dim (105,1)] 
                                                         0

0                                     -4.0755438241528441e-03
1                                      9.5546771284968357e-03
2                                     -4.6955724305893995e-03
3                                      8.1096965027055989e-03
4                                     -7.3599573785373198e-03
5                                      6.2013845377738019e-03
6                                      5.3006329655311546e-03
7                                      2.5152271119676106e-03
8                                      5.0628034463662611e-04
9                                     -2.7932731575552872e-03
10                                    -2.0313015558763164e-03
11                                     3.1822900382172392e-05
12                                     1.1578462922097688e-02
13                                    -2.0969106812937233e-03
14                                     2.2316098635101200e-03
15                                     1.2949864600334815e-03
16                                    -3.7152301528335097e-03
17                                    -1.1581941037085153e-02
18                                    -1.2261434627574104e-02
19                                     8.9494154047354522e-03
20                                    -9.4143944892561421e-04
21                                     2.5963288273786488e-02
22                                     3.9218619741618332e-03
23                                     1.1759236423524513e-03
24                                    -3.4951175719114391e-03
25                                     2.3484743339372977e-03
26                                    -3.6538863056192975e-03
27                                     3.9926399528211615e-03
28                                     5.9774233408781963e-03
29                                    -4.4137128799877356e-04
30                                    -1.1163403536864284e-02
31                                    -7.2896893284619749e-03
32                                    -3.1418041062007893e-03
33                                     1.7604002992076262e-03
34                                     9.0656942650633662e-04
35                                     6.2990136901109354e-03
36                                    -7.7681740610708733e-03
37                                    -6.5612447849382541e-03
38                                    -1.6539451517244216e-04
39                                     4.7142917152691866e-03
40                                    -3.3308352505804495e-03
41                                     1.4662992857323448e-03
42                                    -2.8263186214319974e-03
43                                     4.8113209916566431e-03
44                                     1.3847869530049156e-02
45                                    -3.7212964059615723e-03
46                                     4.7195957187376458e-04
47                                    -2.3182804374966837e-03
48                                    -5.4667782418908462e-03
49                                     1.3533444854787677e-03
50                                    -6.5325971738101375e-04
51                                     3.6293294218435034e-03
52                                    -6.0272924572353503e-03
53                                     5.6421372228272759e-04
54                                    -1.4381341891146491e-02
55                                    -1.7783648598381184e-03
56                                    -1.6025326722847077e-02
57                                    -1.4405305558705742e-02
58                                     3.5260099041423947e-03
59                                    -9.8051546931726685e-04
60                                     1.5091967738811645e-02
61                                     1.2789196654995425e-03
62                                     1.5443910441433305e-02
63                                     2.1408456586093083e-04
64                                    -6.4363578750631888e-03
65                                     4.5614945552219233e-04
66                                    -1.6358752430819939e-03
67                                     2.9157318936023774e-03
68                                    -1.4788565022756384e-03
69                                     4.3730829199339731e-03
70                                     2.6534563652991783e-03
71                                     4.9629164273651272e-04
72                                    -1.6582948146049020e-03
73                                     6.5777124961120814e-04
74                                     5.3693945765187490e-04
75                                    -5.9632145559332383e-05
76                                    -1.1984481324149587e-03
77                                     3.6907732568942572e-04
78                                     1.3921874581354493e-03
79                                    -9.1790907758587670e-04
80                                    -2.2706325207264288e-03
81                                    -9.3455726633365210e-04
82                                    -2.8393457728691507e-03
83                                     7.0230744461241557e-04
84                                    -9.8885171186719606e-04
85                                    -4.8844043470055998e-04
86                                    -1.0247234809330763e-03
87                                    -1.3599374914504969e-03
88                                     1.4843913762704252e-03
89                                    -2.2125048168479197e-04
90                                     3.6803631911100088e-03
91                                    -1.0540573824706807e-03
92                                    -8.1225129656625761e-04
93                                     1.6149516728625191e-06
94                                     5.2833948579469880e-04
95                                    -3.8264467163718480e-04
96                                    -8.4591870743129516e-04
97                                    -1.2067893936494600e-03
98                                    -4.2701860530312830e-05
99                                    -2.2249279497237873e-03
100                                   -1.3872616251124625e-05
101                                   -1.6968811524769589e-03
102                                    9.6895336997375459e-04
103                                    4.9115342663690748e-04
104                                    2.1996402368314912e-03
   &Method [&Type "String"] "SCF"
   &Level [&Type "String"] "Relaxed density"
   &Mult [&Type "Integer"] 1
   &State [&Type "Integer"] 0
   &Irrep [&Type "Integer"] 0
$End
$Geometry
   &GeometryIndex 2
   &NAtoms [&Type "Integer"] 35
   &NCorelessECP [&Type "Integer"] 0
   &NGhostAtoms [&Type "Integer"] 0
   &CartesianCoordinates [&Type "Coordinates", &Dim(35,4), &Units "Bohr"] 
              O      0.803217887852    1.231072454661   -0.512130741039
              O     -1.309656926981   -5.364288043444   -0.005378219045
              O      8.317670247909   -3.695200966038    0.709310159696
              O      8.845346840425    5.265154744882   -0.144847625352
              O     -7.915055194360    2.132595672000    3.883562947404
              O    -11.056239777166    1.485619751152   -0.068897021788
              C      0.192609787527   -3.209016583954    0.611571287019
              C     -0.624299685386   -1.018671448625   -1.100417558165
              C      3.009235045444   -3.763392018375    0.212503508397
              C      4.548197616797   -1.361750713474    0.117487035209
              C      3.371491898823    0.977879676841   -0.252962826741
              C     -3.402551181899   -0.347282562286   -0.844668755119
              C      7.189096485015   -1.395863999555    0.365169588777
              C      4.765181278850    3.228042744935   -0.335701621932
              C     -4.367644302057    0.602478105816    1.436619816186
              C     -5.048931405954   -0.665292994081   -2.888657695311
              C      8.618303620260    0.823935918318    0.279957214819
              C      7.385914354886    3.132362522281   -0.068699353149
              C     -6.925646005689    1.206569911371    1.677084205445
              C     -7.613208349354   -0.066467755213   -2.657243744789
              C     -8.560514591350    0.870185863638   -0.378425769004
              H     -0.138912633067   -2.684355478312    2.593325998459
              H     -0.241786711271   -1.533338461165   -3.074991524306
              H      3.243024621939   -4.822683006423   -1.559653798555
              H      3.675694512591   -5.008888806702    1.732020831746
              H      3.784937043172    5.010854426916   -0.617690717520
              H     -3.105581119986    0.888177742005    3.033473568513
              H     -0.905173833166   -6.662374496972    1.226264289616
              H     -4.344937115208   -1.391321632244   -4.676880246625
              H     10.662503780388    0.789763495614    0.478697041745
              H     -8.861011899184   -0.329328262900   -4.268388360528
              H     10.132307757253   -3.446829320737    0.854288722575
              H      7.761124735621    6.722238659408   -0.426485253466
              H     -6.573883637410    2.247488810325    5.132732137892
              H    -11.948055489949    1.149270748334   -1.638113067007
$End
$SCF_Energy
   &GeometryIndex 2
   &Method [&Type "String"] "SCF"
   &totalEnergy [&Type "ArrayOfDoubles", &Dim (1,1)] "Total energy of each state"
                                                         0

0                                     -1.0307777788685614e+03
   &Mult [&Type "ArrayOfIntegers", &Dim (1,1)] "Multiplicity of each state"
                                                         0

0                                                        1
$End
$DFT_Energy
   &GeometryIndex 2
   &nAlphaEl [&Type "Integer"] 76
   &nBetaEl [&Type "Integer"] 76
   &nTotalEl [&Type "Integer"] 152
   &finalEn [&Type "Double"]      -1.0307777788685614e+03  "No Van der Waals correction"
   &eExchange [&Type "Double"]      -1.0520057600141477e+02
   &eCorr [&Type "Double"]      -6.2083188404163421e+00
   &eXC [&Type "Double"]      -1.1140889484183111e+02
   &eCNL [&Type "Double"]       0.0000000000000000e+00
$End
$Solvation_Details
   &GeometryIndex 2
   &Solvent [&Type "String"] "WATER"
   &Epsilon [&Type "Double"]       8.0150999999999996e+01
   &Refrac [&Type "Double"]       1.3328000000000000e+00
   &RSolv [&Type "Double"]       1.3000000000000000e+00
   &SurfaceType [&Type "String"] "GAUSSIAN VDW"
   &CPCMDielEnergy [&Type "Double"]      -4.3212070999999998e-02
   &NPoints [&Type "Integer"] 3010
   &SurfaceArea [&Type "Double"]       1.1227654679390000e+03
$End
$SCF_Timings
   &GeometryIndex 2
   &TOTAL [&Type "Double"]       1.7491763599999999e+02
   &PREP [&Type "Double"]       2.3828350000000000e+00
   &FOCK [&Type "Double"]       1.5985768700000000e+02
   &DENS [&Type "Double"]       6.1710199999998849e-01
   &ETOT [&Type "Double"]       3.5762700000000081e-01
   &POP [&Type "Double"]       9.9999999747524271e-07
   &TRAFO [&Type "Double"]       1.5076700000000898e-01
   &DIIS [&Type "Double"]       9.5101999999999975e-01
   &SOSCF [&Type "Double"]       7.2036300000002029e-01
   &XC [&Type "Double"]       3.5918953000000016e+01
   &FOCKSTART [&Type "Double"]       1.9411299999999976e-01
   &SOLV [&Type "Double"]       2.1653487000000013e+01
   &SOLV_INIT [&Type "Double"]       9.9677700000000002e-01
   &SOLV_FINAL [&Type "Double"]       9.9999999747524271e-07
   &INT_PREP [&Type "Double"]       9.9999999747524271e-07
   &INT_BF [&Type "Double"]       6.5141240000003933e+00
   &INT_DENS [&Type "Double"]       4.1656949999985784e+00
   &INT_DENSIO [&Type "Double"]       2.1887176285379953e+06
   &INT_FUNC [&Type "Double"]       7.2042400000088591e-01
   &INT_POT [&Type "Double"]       3.4631690000010984e+00
   &INT_POTIO [&Type "Double"]       5.1483369999997350e+00
   &INT_SUM [&Type "Double"]       1.4000000010838676e-05
   &SPLITRIJ [&Type "Double"]       1.3100540999999978e+01
   &COSX [&Type "Double"]       9.8153403000000026e+01
$End
$Single_Point_Data
   &GeometryIndex 2
   &FinalEnergy [&Type "Double"]      -1.0307777788685614e+03  "Final single point energy"
   &Converged [&Type "Boolean"] true
$End
$SCF_Nuc_Gradient
   &GeometryIndex 2
   &NAtoms [&Type "Integer"] 35
   &gradNorm [&Type "Double"]       2.8382163273785982e-02
   &grad [&Type "ArrayOfDoubles", &Dim (105,1)] 
                                                         0

0                                     -2.5685158540393049e-03
1                                      2.1532076466360961e-03
2                                     -2.1487710125407860e-03
3                                      1.2305276162772327e-03
4                                     -3.4129029920694828e-03
5                                      1.9645273137322838e-03
6                                      2.1934233914631812e-03
7                                      4.8040545956462566e-04
8                                      5.8888994151964566e-04
9                                     -3.5842624172660598e-04
10                                     9.7529884318348081e-04
11                                    -9.0742571668585292e-06
12                                     3.9162982822273373e-03
13                                    -2.2459532859195330e-04
14                                     2.2423289568845595e-03
15                                    -1.7069709703705638e-03
16                                    -9.8397921723433757e-04
17                                    -4.2955280285386366e-03
18                                    -4.5815593551827502e-03
19                                     5.1209815050507271e-03
20                                    -2.7376710316869696e-04
21                                     1.0141522061309100e-02
22                                    -4.9559848839201941e-04
23                                     5.4855171405251979e-04
24                                    -9.7480411337782548e-04
25                                     5.4583464162746842e-04
26                                    -1.2035097303671402e-03
27                                     4.0070153519920979e-03
28                                     4.1915673959199429e-03
29                                    -2.5353784204697714e-04
30                                    -4.0629261476502199e-03
31                                    -2.9151603717341851e-03
32                                    -5.3165646966824368e-04
33                                    -9.7968393167233159e-04
34                                    -5.0012382349279294e-05
35                                     2.7981250261930866e-03
36                                    -4.1994151945997579e-03
37                                    -4.6135499709789134e-03
38                                    -5.0423168167264970e-04
39                                     2.6478219968968791e-03
40                                    -1.3395843598024842e-03
41                                     4.9759830333352857e-04
42                                     5.9513325050705723e-05
43                                     1.3242019939109090e-03
44                                     4.9023575965685268e-03
45                                    -7.6917448001941752e-04
46                                     2.8576405019758999e-04
47                                    -9.0136952334751719e-04
48                                    -1.8421945156142372e-03
49                                     5.9272221453986543e-04
50                                    -1.2179688210379840e-04
51                                     2.5212235117621027e-03
52                                    -2.1555578040879653e-03
53                                     1.2830063832651624e-04
54                                    -8.8118139662150229e-03
55                                    -1.2118955422237114e-03
56                                    -9.3622780123133256e-03
57                                    -5.8762869441716381e-03
58                                     8.4749983726371825e-04
59                                    -1.6387135023290811e-03
60                                     8.6712166243978830e-03
61                                     1.4609767256732714e-03
62                                     9.8606026621435722e-03
63                                    -3.8666470403051628e-04
64                                    -3.1633993173391106e-03
65                                     1.9762684904114924e-04
66                                    -8.5353649652440688e-04
67                                     1.2653208426523441e-03
68                                    -2.9793384734699835e-04
69                                     2.2486628469296499e-03
70                                     9.0961449157758723e-04
71                                    -8.3354847003475063e-05
72                                    -7.9283413370325601e-04
73                                    -3.4249078538975408e-04
74                                     4.7273481769244396e-04
75                                    -4.0997811465846856e-04
76                                    -3.5717888943187504e-06
77                                     1.0731213465554543e-04
78                                     1.1794115706680458e-03
79                                    -6.1912699716805408e-04
80                                    -1.1658624067813761e-03
81                                    -3.7522302111445138e-04
82                                     8.7164996668323558e-04
83                                    -6.4322581047715488e-05
84                                    -4.1891668997459663e-04
85                                    -1.9423952930966437e-04
86                                    -2.2355383569230836e-04
87                                     1.7686998587532199e-04
88                                     1.0903317959788349e-03
89                                    -4.5501065836239113e-05
90                                     2.0384806902214170e-03
91                                    -7.6897890887971457e-04
92                                    -1.1048654634724375e-03
93                                    -3.5782370977202604e-04
94                                     5.1829510912405202e-04
95                                    -3.3555579460572624e-04
96                                    -3.2447614440084260e-04
97                                    -3.0230506970230220e-04
98                                    -1.1841421377846439e-04
99                                    -5.5177945779957827e-04
100                                    8.1248385279328317e-06
101                                   -2.9696493686789949e-04
102                                    1.7101678169482992e-04
103                                    1.5515151318380022e-04
104                                    6.7160716927672226e-04
   &Method [&Type "String"] "SCF"
   &Level [&Type "String"] "Relaxed density"
   &Mult [&Type "Integer"] 1
   &State [&Type "Integer"] 0
   &Irrep [&Type "Integer"] 0
$End
